Матрица A:
10	9	-3	-4	-3	6	10	7	10	9	
4	4	3	4	8	-10	-6	3	-9	6	
1	1	7	3	7	6	-7	-7	6	6	
9	6	-4	0	-3	-10	0	-5	10	-2	
2	0	-8	6	8	-2	7	1	-4	0	
10	5	-5	-6	-10	5	3	1	-1	2	
1	10	-1	-4	9	-9	7	3	-9	10	
-6	6	9	6	-6	0	8	6	5	7	
-5	9	0	4	4	4	4	-2	7	8	
7	5	-3	-9	-9	0	8	-6	-5	9	

Матрица B:
-3	8	4	4	8	-4	0	10	6	-8	
-4	-2	2	6	-7	-8	7	10	-9	7	
0	1	-2	9	10	6	-7	-9	-8	8	
-2	-3	9	0	-4	5	-4	-10	-6	8	
-1	-7	-7	8	6	5	2	5	5	-10	
5	6	3	7	-3	9	0	6	-8	1	
0	-6	7	2	5	-5	5	-9	3	-3	
2	-6	-7	4	-7	4	-9	-10	10	3	
7	6	4	-3	-7	-2	0	8	-2	-3	
6	7	-1	0	1	5	2	-1	-1	-1	

Матрица C_dense = A * B:
113	149	119	103	-93	-108	99	189	35	-85	
-115	-95	-137	88	114	30	-38	-61	84	10	
74	153	6	111	61	159	0	173	-199	-9	
-50	93	124	-108	-35	-263	105	243	29	-85	
-62	-150	42	16	22	-27	74	-45	135	-120	
4	167	99	-7	-39	-144	84	188	20	-33	
-86	-162	-118	117	112	-101	139	-25	124	-72	
77	-32	93	70	-90	39	-57	-270	-161	242	
80	12	80	73	-114	22	109	76	-177	52	
-7	154	95	-34	99	-185	186	131	-5	-63	

Матрица D_dense = A почленное умножение B:
-30	72	-12	-16	-24	-24	0	70	60	-72	
-16	-8	6	24	-56	80	-42	30	81	42	
0	1	-14	27	70	36	49	63	-48	48	
-18	-18	-36	0	12	-50	0	50	-60	-16	
-2	0	56	48	48	-10	14	5	-20	0	
50	30	-15	-42	30	45	0	6	8	2	
0	-60	-7	-8	45	45	35	-27	-27	-30	
-12	-36	-63	24	42	0	-72	-60	50	21	
-35	54	0	-12	-28	-8	0	-16	-14	-24	
42	35	3	0	-9	0	16	6	5	-9	

Матрица E_dense = транспонированная(A):
10	4	1	9	2	10	1	-6	-5	7	
9	4	1	6	0	5	10	6	9	5	
-3	3	7	-4	-8	-5	-1	9	0	-3	
-4	4	3	0	6	-6	-4	6	4	-9	
-3	8	7	-3	8	-10	9	-6	4	-9	
6	-10	6	-10	-2	5	-9	0	4	0	
10	-6	-7	0	7	3	7	8	4	8	
7	3	-7	-5	1	1	3	6	-2	-6	
10	-9	6	10	-4	-1	-9	5	7	-5	
9	6	6	-2	0	2	10	7	8	9	

Матрица F_dense = A elemMult B (замена elemDiv для целых чисел):
-30	72	-12	-16	-24	-24	0	70	60	-72	
-16	-8	6	24	-56	80	-42	30	81	42	
0	1	-14	27	70	36	49	63	-48	48	
-18	-18	-36	0	12	-50	0	50	-60	-16	
-2	0	56	48	48	-10	14	5	-20	0	
50	30	-15	-42	30	45	0	6	8	2	
0	-60	-7	-8	45	45	35	-27	-27	-30	
-12	-36	-63	24	42	0	-72	-60	50	21	
-35	54	0	-12	-28	-8	0	-16	-14	-24	
42	35	3	0	-9	0	16	6	5	-9	

Матрица G_dense = A + B:
7	17	1	0	5	2	10	17	16	1	
0	2	5	10	1	-18	1	13	-18	13	
1	2	5	12	17	12	-14	-16	-2	14	
7	3	5	0	-7	-5	-4	-15	4	6	
1	-7	-15	14	14	3	9	6	1	-10	
15	11	-2	1	-13	14	3	7	-9	3	
1	4	6	-2	14	-14	12	-6	-6	7	
-4	0	2	10	-13	4	-1	-4	15	10	
2	15	4	1	-3	2	4	6	5	5	
13	12	-4	-9	-8	5	10	-7	-6	8	

Матрица H_dense = A - B:
13	1	-7	-8	-11	10	10	-3	4	17	
8	6	1	-2	15	-2	-13	-7	0	-1	
1	0	9	-6	-3	0	0	2	14	-2	
11	9	-13	0	1	-15	4	5	16	-10	
3	7	-1	-2	2	-7	5	-4	-9	10	
5	-1	-8	-13	-7	-4	3	-5	7	1	
1	16	-8	-6	4	-4	2	12	-12	13	
-8	12	16	2	1	-4	17	16	-5	4	
-12	3	-4	7	11	6	4	-10	9	11	
1	-2	-2	-9	-10	-5	6	-5	-4	10	

Матрица K_dense = KroneckerProduct(A, B):
-30	80	40	40	80	-40	0	100	60	-80	-27	72	36	36	72	-36	0	90	54	-72	9	-24	-12	-12	-24	12	0	-30	-18	24	12	-32	-16	-16	-32	16	0	-40	-24	32	9	-24	-12	-12	-24	12	0	-30	-18	24	-18	48	24	24	48	-24	0	60	36	-48	-30	80	40	40	80	-40	0	100	60	-80	-21	56	28	28	56	-28	0	70	42	-56	-30	80	40	40	80	-40	0	100	60	-80	-27	72	36	36	72	-36	0	90	54	-72	
-40	-20	20	60	-70	-80	70	100	-90	70	-36	-18	18	54	-63	-72	63	90	-81	63	12	6	-6	-18	21	24	-21	-30	27	-21	16	8	-8	-24	28	32	-28	-40	36	-28	12	6	-6	-18	21	24	-21	-30	27	-21	-24	-12	12	36	-42	-48	42	60	-54	42	-40	-20	20	60	-70	-80	70	100	-90	70	-28	-14	14	42	-49	-56	49	70	-63	49	-40	-20	20	60	-70	-80	70	100	-90	70	-36	-18	18	54	-63	-72	63	90	-81	63	
0	10	-20	90	100	60	-70	-90	-80	80	0	9	-18	81	90	54	-63	-81	-72	72	0	-3	6	-27	-30	-18	21	27	24	-24	0	-4	8	-36	-40	-24	28	36	32	-32	0	-3	6	-27	-30	-18	21	27	24	-24	0	6	-12	54	60	36	-42	-54	-48	48	0	10	-20	90	100	60	-70	-90	-80	80	0	7	-14	63	70	42	-49	-63	-56	56	0	10	-20	90	100	60	-70	-90	-80	80	0	9	-18	81	90	54	-63	-81	-72	72	
-20	-30	90	0	-40	50	-40	-100	-60	80	-18	-27	81	0	-36	45	-36	-90	-54	72	6	9	-27	0	12	-15	12	30	18	-24	8	12	-36	0	16	-20	16	40	24	-32	6	9	-27	0	12	-15	12	30	18	-24	-12	-18	54	0	-24	30	-24	-60	-36	48	-20	-30	90	0	-40	50	-40	-100	-60	80	-14	-21	63	0	-28	35	-28	-70	-42	56	-20	-30	90	0	-40	50	-40	-100	-60	80	-18	-27	81	0	-36	45	-36	-90	-54	72	
-10	-70	-70	80	60	50	20	50	50	-100	-9	-63	-63	72	54	45	18	45	45	-90	3	21	21	-24	-18	-15	-6	-15	-15	30	4	28	28	-32	-24	-20	-8	-20	-20	40	3	21	21	-24	-18	-15	-6	-15	-15	30	-6	-42	-42	48	36	30	12	30	30	-60	-10	-70	-70	80	60	50	20	50	50	-100	-7	-49	-49	56	42	35	14	35	35	-70	-10	-70	-70	80	60	50	20	50	50	-100	-9	-63	-63	72	54	45	18	45	45	-90	
50	60	30	70	-30	90	0	60	-80	10	45	54	27	63	-27	81	0	54	-72	9	-15	-18	-9	-21	9	-27	0	-18	24	-3	-20	-24	-12	-28	12	-36	0	-24	32	-4	-15	-18	-9	-21	9	-27	0	-18	24	-3	30	36	18	42	-18	54	0	36	-48	6	50	60	30	70	-30	90	0	60	-80	10	35	42	21	49	-21	63	0	42	-56	7	50	60	30	70	-30	90	0	60	-80	10	45	54	27	63	-27	81	0	54	-72	9	
0	-60	70	20	50	-50	50	-90	30	-30	0	-54	63	18	45	-45	45	-81	27	-27	0	18	-21	-6	-15	15	-15	27	-9	9	0	24	-28	-8	-20	20	-20	36	-12	12	0	18	-21	-6	-15	15	-15	27	-9	9	0	-36	42	12	30	-30	30	-54	18	-18	0	-60	70	20	50	-50	50	-90	30	-30	0	-42	49	14	35	-35	35	-63	21	-21	0	-60	70	20	50	-50	50	-90	30	-30	0	-54	63	18	45	-45	45	-81	27	-27	
20	-60	-70	40	-70	40	-90	-100	100	30	18	-54	-63	36	-63	36	-81	-90	90	27	-6	18	21	-12	21	-12	27	30	-30	-9	-8	24	28	-16	28	-16	36	40	-40	-12	-6	18	21	-12	21	-12	27	30	-30	-9	12	-36	-42	24	-42	24	-54	-60	60	18	20	-60	-70	40	-70	40	-90	-100	100	30	14	-42	-49	28	-49	28	-63	-70	70	21	20	-60	-70	40	-70	40	-90	-100	100	30	18	-54	-63	36	-63	36	-81	-90	90	27	
70	60	40	-30	-70	-20	0	80	-20	-30	63	54	36	-27	-63	-18	0	72	-18	-27	-21	-18	-12	9	21	6	0	-24	6	9	-28	-24	-16	12	28	8	0	-32	8	12	-21	-18	-12	9	21	6	0	-24	6	9	42	36	24	-18	-42	-12	0	48	-12	-18	70	60	40	-30	-70	-20	0	80	-20	-30	49	42	28	-21	-49	-14	0	56	-14	-21	70	60	40	-30	-70	-20	0	80	-20	-30	63	54	36	-27	-63	-18	0	72	-18	-27	
60	70	-10	0	10	50	20	-10	-10	-10	54	63	-9	0	9	45	18	-9	-9	-9	-18	-21	3	0	-3	-15	-6	3	3	3	-24	-28	4	0	-4	-20	-8	4	4	4	-18	-21	3	0	-3	-15	-6	3	3	3	36	42	-6	0	6	30	12	-6	-6	-6	60	70	-10	0	10	50	20	-10	-10	-10	42	49	-7	0	7	35	14	-7	-7	-7	60	70	-10	0	10	50	20	-10	-10	-10	54	63	-9	0	9	45	18	-9	-9	-9	
-12	32	16	16	32	-16	0	40	24	-32	-12	32	16	16	32	-16	0	40	24	-32	-9	24	12	12	24	-12	0	30	18	-24	-12	32	16	16	32	-16	0	40	24	-32	-24	64	32	32	64	-32	0	80	48	-64	30	-80	-40	-40	-80	40	0	-100	-60	80	18	-48	-24	-24	-48	24	0	-60	-36	48	-9	24	12	12	24	-12	0	30	18	-24	27	-72	-36	-36	-72	36	0	-90	-54	72	-18	48	24	24	48	-24	0	60	36	-48	
-16	-8	8	24	-28	-32	28	40	-36	28	-16	-8	8	24	-28	-32	28	40	-36	28	-12	-6	6	18	-21	-24	21	30	-27	21	-16	-8	8	24	-28	-32	28	40	-36	28	-32	-16	16	48	-56	-64	56	80	-72	56	40	20	-20	-60	70	80	-70	-100	90	-70	24	12	-12	-36	42	48	-42	-60	54	-42	-12	-6	6	18	-21	-24	21	30	-27	21	36	18	-18	-54	63	72	-63	-90	81	-63	-24	-12	12	36	-42	-48	42	60	-54	42	
0	4	-8	36	40	24	-28	-36	-32	32	0	4	-8	36	40	24	-28	-36	-32	32	0	3	-6	27	30	18	-21	-27	-24	24	0	4	-8	36	40	24	-28	-36	-32	32	0	8	-16	72	80	48	-56	-72	-64	64	0	-10	20	-90	-100	-60	70	90	80	-80	0	-6	12	-54	-60	-36	42	54	48	-48	0	3	-6	27	30	18	-21	-27	-24	24	0	-9	18	-81	-90	-54	63	81	72	-72	0	6	-12	54	60	36	-42	-54	-48	48	
-8	-12	36	0	-16	20	-16	-40	-24	32	-8	-12	36	0	-16	20	-16	-40	-24	32	-6	-9	27	0	-12	15	-12	-30	-18	24	-8	-12	36	0	-16	20	-16	-40	-24	32	-16	-24	72	0	-32	40	-32	-80	-48	64	20	30	-90	0	40	-50	40	100	60	-80	12	18	-54	0	24	-30	24	60	36	-48	-6	-9	27	0	-12	15	-12	-30	-18	24	18	27	-81	0	36	-45	36	90	54	-72	-12	-18	54	0	-24	30	-24	-60	-36	48	
-4	-28	-28	32	24	20	8	20	20	-40	-4	-28	-28	32	24	20	8	20	20	-40	-3	-21	-21	24	18	15	6	15	15	-30	-4	-28	-28	32	24	20	8	20	20	-40	-8	-56	-56	64	48	40	16	40	40	-80	10	70	70	-80	-60	-50	-20	-50	-50	100	6	42	42	-48	-36	-30	-12	-30	-30	60	-3	-21	-21	24	18	15	6	15	15	-30	9	63	63	-72	-54	-45	-18	-45	-45	90	-6	-42	-42	48	36	30	12	30	30	-60	
20	24	12	28	-12	36	0	24	-32	4	20	24	12	28	-12	36	0	24	-32	4	15	18	9	21	-9	27	0	18	-24	3	20	24	12	28	-12	36	0	24	-32	4	40	48	24	56	-24	72	0	48	-64	8	-50	-60	-30	-70	30	-90	0	-60	80	-10	-30	-36	-18	-42	18	-54	0	-36	48	-6	15	18	9	21	-9	27	0	18	-24	3	-45	-54	-27	-63	27	-81	0	-54	72	-9	30	36	18	42	-18	54	0	36	-48	6	
0	-24	28	8	20	-20	20	-36	12	-12	0	-24	28	8	20	-20	20	-36	12	-12	0	-18	21	6	15	-15	15	-27	9	-9	0	-24	28	8	20	-20	20	-36	12	-12	0	-48	56	16	40	-40	40	-72	24	-24	0	60	-70	-20	-50	50	-50	90	-30	30	0	36	-42	-12	-30	30	-30	54	-18	18	0	-18	21	6	15	-15	15	-27	9	-9	0	54	-63	-18	-45	45	-45	81	-27	27	0	-36	42	12	30	-30	30	-54	18	-18	
8	-24	-28	16	-28	16	-36	-40	40	12	8	-24	-28	16	-28	16	-36	-40	40	12	6	-18	-21	12	-21	12	-27	-30	30	9	8	-24	-28	16	-28	16	-36	-40	40	12	16	-48	-56	32	-56	32	-72	-80	80	24	-20	60	70	-40	70	-40	90	100	-100	-30	-12	36	42	-24	42	-24	54	60	-60	-18	6	-18	-21	12	-21	12	-27	-30	30	9	-18	54	63	-36	63	-36	81	90	-90	-27	12	-36	-42	24	-42	24	-54	-60	60	18	
28	24	16	-12	-28	-8	0	32	-8	-12	28	24	16	-12	-28	-8	0	32	-8	-12	21	18	12	-9	-21	-6	0	24	-6	-9	28	24	16	-12	-28	-8	0	32	-8	-12	56	48	32	-24	-56	-16	0	64	-16	-24	-70	-60	-40	30	70	20	0	-80	20	30	-42	-36	-24	18	42	12	0	-48	12	18	21	18	12	-9	-21	-6	0	24	-6	-9	-63	-54	-36	27	63	18	0	-72	18	27	42	36	24	-18	-42	-12	0	48	-12	-18	
24	28	-4	0	4	20	8	-4	-4	-4	24	28	-4	0	4	20	8	-4	-4	-4	18	21	-3	0	3	15	6	-3	-3	-3	24	28	-4	0	4	20	8	-4	-4	-4	48	56	-8	0	8	40	16	-8	-8	-8	-60	-70	10	0	-10	-50	-20	10	10	10	-36	-42	6	0	-6	-30	-12	6	6	6	18	21	-3	0	3	15	6	-3	-3	-3	-54	-63	9	0	-9	-45	-18	9	9	9	36	42	-6	0	6	30	12	-6	-6	-6	
-3	8	4	4	8	-4	0	10	6	-8	-3	8	4	4	8	-4	0	10	6	-8	-21	56	28	28	56	-28	0	70	42	-56	-9	24	12	12	24	-12	0	30	18	-24	-21	56	28	28	56	-28	0	70	42	-56	-18	48	24	24	48	-24	0	60	36	-48	21	-56	-28	-28	-56	28	0	-70	-42	56	21	-56	-28	-28	-56	28	0	-70	-42	56	-18	48	24	24	48	-24	0	60	36	-48	-18	48	24	24	48	-24	0	60	36	-48	
-4	-2	2	6	-7	-8	7	10	-9	7	-4	-2	2	6	-7	-8	7	10	-9	7	-28	-14	14	42	-49	-56	49	70	-63	49	-12	-6	6	18	-21	-24	21	30	-27	21	-28	-14	14	42	-49	-56	49	70	-63	49	-24	-12	12	36	-42	-48	42	60	-54	42	28	14	-14	-42	49	56	-49	-70	63	-49	28	14	-14	-42	49	56	-49	-70	63	-49	-24	-12	12	36	-42	-48	42	60	-54	42	-24	-12	12	36	-42	-48	42	60	-54	42	
0	1	-2	9	10	6	-7	-9	-8	8	0	1	-2	9	10	6	-7	-9	-8	8	0	7	-14	63	70	42	-49	-63	-56	56	0	3	-6	27	30	18	-21	-27	-24	24	0	7	-14	63	70	42	-49	-63	-56	56	0	6	-12	54	60	36	-42	-54	-48	48	0	-7	14	-63	-70	-42	49	63	56	-56	0	-7	14	-63	-70	-42	49	63	56	-56	0	6	-12	54	60	36	-42	-54	-48	48	0	6	-12	54	60	36	-42	-54	-48	48	
-2	-3	9	0	-4	5	-4	-10	-6	8	-2	-3	9	0	-4	5	-4	-10	-6	8	-14	-21	63	0	-28	35	-28	-70	-42	56	-6	-9	27	0	-12	15	-12	-30	-18	24	-14	-21	63	0	-28	35	-28	-70	-42	56	-12	-18	54	0	-24	30	-24	-60	-36	48	14	21	-63	0	28	-35	28	70	42	-56	14	21	-63	0	28	-35	28	70	42	-56	-12	-18	54	0	-24	30	-24	-60	-36	48	-12	-18	54	0	-24	30	-24	-60	-36	48	
-1	-7	-7	8	6	5	2	5	5	-10	-1	-7	-7	8	6	5	2	5	5	-10	-7	-49	-49	56	42	35	14	35	35	-70	-3	-21	-21	24	18	15	6	15	15	-30	-7	-49	-49	56	42	35	14	35	35	-70	-6	-42	-42	48	36	30	12	30	30	-60	7	49	49	-56	-42	-35	-14	-35	-35	70	7	49	49	-56	-42	-35	-14	-35	-35	70	-6	-42	-42	48	36	30	12	30	30	-60	-6	-42	-42	48	36	30	12	30	30	-60	
5	6	3	7	-3	9	0	6	-8	1	5	6	3	7	-3	9	0	6	-8	1	35	42	21	49	-21	63	0	42	-56	7	15	18	9	21	-9	27	0	18	-24	3	35	42	21	49	-21	63	0	42	-56	7	30	36	18	42	-18	54	0	36	-48	6	-35	-42	-21	-49	21	-63	0	-42	56	-7	-35	-42	-21	-49	21	-63	0	-42	56	-7	30	36	18	42	-18	54	0	36	-48	6	30	36	18	42	-18	54	0	36	-48	6	
0	-6	7	2	5	-5	5	-9	3	-3	0	-6	7	2	5	-5	5	-9	3	-3	0	-42	49	14	35	-35	35	-63	21	-21	0	-18	21	6	15	-15	15	-27	9	-9	0	-42	49	14	35	-35	35	-63	21	-21	0	-36	42	12	30	-30	30	-54	18	-18	0	42	-49	-14	-35	35	-35	63	-21	21	0	42	-49	-14	-35	35	-35	63	-21	21	0	-36	42	12	30	-30	30	-54	18	-18	0	-36	42	12	30	-30	30	-54	18	-18	
2	-6	-7	4	-7	4	-9	-10	10	3	2	-6	-7	4	-7	4	-9	-10	10	3	14	-42	-49	28	-49	28	-63	-70	70	21	6	-18	-21	12	-21	12	-27	-30	30	9	14	-42	-49	28	-49	28	-63	-70	70	21	12	-36	-42	24	-42	24	-54	-60	60	18	-14	42	49	-28	49	-28	63	70	-70	-21	-14	42	49	-28	49	-28	63	70	-70	-21	12	-36	-42	24	-42	24	-54	-60	60	18	12	-36	-42	24	-42	24	-54	-60	60	18	
7	6	4	-3	-7	-2	0	8	-2	-3	7	6	4	-3	-7	-2	0	8	-2	-3	49	42	28	-21	-49	-14	0	56	-14	-21	21	18	12	-9	-21	-6	0	24	-6	-9	49	42	28	-21	-49	-14	0	56	-14	-21	42	36	24	-18	-42	-12	0	48	-12	-18	-49	-42	-28	21	49	14	0	-56	14	21	-49	-42	-28	21	49	14	0	-56	14	21	42	36	24	-18	-42	-12	0	48	-12	-18	42	36	24	-18	-42	-12	0	48	-12	-18	
6	7	-1	0	1	5	2	-1	-1	-1	6	7	-1	0	1	5	2	-1	-1	-1	42	49	-7	0	7	35	14	-7	-7	-7	18	21	-3	0	3	15	6	-3	-3	-3	42	49	-7	0	7	35	14	-7	-7	-7	36	42	-6	0	6	30	12	-6	-6	-6	-42	-49	7	0	-7	-35	-14	7	7	7	-42	-49	7	0	-7	-35	-14	7	7	7	36	42	-6	0	6	30	12	-6	-6	-6	36	42	-6	0	6	30	12	-6	-6	-6	
-27	72	36	36	72	-36	0	90	54	-72	-18	48	24	24	48	-24	0	60	36	-48	12	-32	-16	-16	-32	16	0	-40	-24	32	0	0	0	0	0	0	0	0	0	0	9	-24	-12	-12	-24	12	0	-30	-18	24	30	-80	-40	-40	-80	40	0	-100	-60	80	0	0	0	0	0	0	0	0	0	0	15	-40	-20	-20	-40	20	0	-50	-30	40	-30	80	40	40	80	-40	0	100	60	-80	6	-16	-8	-8	-16	8	0	-20	-12	16	
-36	-18	18	54	-63	-72	63	90	-81	63	-24	-12	12	36	-42	-48	42	60	-54	42	16	8	-8	-24	28	32	-28	-40	36	-28	0	0	0	0	0	0	0	0	0	0	12	6	-6	-18	21	24	-21	-30	27	-21	40	20	-20	-60	70	80	-70	-100	90	-70	0	0	0	0	0	0	0	0	0	0	20	10	-10	-30	35	40	-35	-50	45	-35	-40	-20	20	60	-70	-80	70	100	-90	70	8	4	-4	-12	14	16	-14	-20	18	-14	
0	9	-18	81	90	54	-63	-81	-72	72	0	6	-12	54	60	36	-42	-54	-48	48	0	-4	8	-36	-40	-24	28	36	32	-32	0	0	0	0	0	0	0	0	0	0	0	-3	6	-27	-30	-18	21	27	24	-24	0	-10	20	-90	-100	-60	70	90	80	-80	0	0	0	0	0	0	0	0	0	0	0	-5	10	-45	-50	-30	35	45	40	-40	0	10	-20	90	100	60	-70	-90	-80	80	0	-2	4	-18	-20	-12	14	18	16	-16	
-18	-27	81	0	-36	45	-36	-90	-54	72	-12	-18	54	0	-24	30	-24	-60	-36	48	8	12	-36	0	16	-20	16	40	24	-32	0	0	0	0	0	0	0	0	0	0	6	9	-27	0	12	-15	12	30	18	-24	20	30	-90	0	40	-50	40	100	60	-80	0	0	0	0	0	0	0	0	0	0	10	15	-45	0	20	-25	20	50	30	-40	-20	-30	90	0	-40	50	-40	-100	-60	80	4	6	-18	0	8	-10	8	20	12	-16	
-9	-63	-63	72	54	45	18	45	45	-90	-6	-42	-42	48	36	30	12	30	30	-60	4	28	28	-32	-24	-20	-8	-20	-20	40	0	0	0	0	0	0	0	0	0	0	3	21	21	-24	-18	-15	-6	-15	-15	30	10	70	70	-80	-60	-50	-20	-50	-50	100	0	0	0	0	0	0	0	0	0	0	5	35	35	-40	-30	-25	-10	-25	-25	50	-10	-70	-70	80	60	50	20	50	50	-100	2	14	14	-16	-12	-10	-4	-10	-10	20	
45	54	27	63	-27	81	0	54	-72	9	30	36	18	42	-18	54	0	36	-48	6	-20	-24	-12	-28	12	-36	0	-24	32	-4	0	0	0	0	0	0	0	0	0	0	-15	-18	-9	-21	9	-27	0	-18	24	-3	-50	-60	-30	-70	30	-90	0	-60	80	-10	0	0	0	0	0	0	0	0	0	0	-25	-30	-15	-35	15	-45	0	-30	40	-5	50	60	30	70	-30	90	0	60	-80	10	-10	-12	-6	-14	6	-18	0	-12	16	-2	
0	-54	63	18	45	-45	45	-81	27	-27	0	-36	42	12	30	-30	30	-54	18	-18	0	24	-28	-8	-20	20	-20	36	-12	12	0	0	0	0	0	0	0	0	0	0	0	18	-21	-6	-15	15	-15	27	-9	9	0	60	-70	-20	-50	50	-50	90	-30	30	0	0	0	0	0	0	0	0	0	0	0	30	-35	-10	-25	25	-25	45	-15	15	0	-60	70	20	50	-50	50	-90	30	-30	0	12	-14	-4	-10	10	-10	18	-6	6	
18	-54	-63	36	-63	36	-81	-90	90	27	12	-36	-42	24	-42	24	-54	-60	60	18	-8	24	28	-16	28	-16	36	40	-40	-12	0	0	0	0	0	0	0	0	0	0	-6	18	21	-12	21	-12	27	30	-30	-9	-20	60	70	-40	70	-40	90	100	-100	-30	0	0	0	0	0	0	0	0	0	0	-10	30	35	-20	35	-20	45	50	-50	-15	20	-60	-70	40	-70	40	-90	-100	100	30	-4	12	14	-8	14	-8	18	20	-20	-6	
63	54	36	-27	-63	-18	0	72	-18	-27	42	36	24	-18	-42	-12	0	48	-12	-18	-28	-24	-16	12	28	8	0	-32	8	12	0	0	0	0	0	0	0	0	0	0	-21	-18	-12	9	21	6	0	-24	6	9	-70	-60	-40	30	70	20	0	-80	20	30	0	0	0	0	0	0	0	0	0	0	-35	-30	-20	15	35	10	0	-40	10	15	70	60	40	-30	-70	-20	0	80	-20	-30	-14	-12	-8	6	14	4	0	-16	4	6	
54	63	-9	0	9	45	18	-9	-9	-9	36	42	-6	0	6	30	12	-6	-6	-6	-24	-28	4	0	-4	-20	-8	4	4	4	0	0	0	0	0	0	0	0	0	0	-18	-21	3	0	-3	-15	-6	3	3	3	-60	-70	10	0	-10	-50	-20	10	10	10	0	0	0	0	0	0	0	0	0	0	-30	-35	5	0	-5	-25	-10	5	5	5	60	70	-10	0	10	50	20	-10	-10	-10	-12	-14	2	0	-2	-10	-4	2	2	2	
-6	16	8	8	16	-8	0	20	12	-16	0	0	0	0	0	0	0	0	0	0	24	-64	-32	-32	-64	32	0	-80	-48	64	-18	48	24	24	48	-24	0	60	36	-48	-24	64	32	32	64	-32	0	80	48	-64	6	-16	-8	-8	-16	8	0	-20	-12	16	-21	56	28	28	56	-28	0	70	42	-56	-3	8	4	4	8	-4	0	10	6	-8	12	-32	-16	-16	-32	16	0	-40	-24	32	0	0	0	0	0	0	0	0	0	0	
-8	-4	4	12	-14	-16	14	20	-18	14	0	0	0	0	0	0	0	0	0	0	32	16	-16	-48	56	64	-56	-80	72	-56	-24	-12	12	36	-42	-48	42	60	-54	42	-32	-16	16	48	-56	-64	56	80	-72	56	8	4	-4	-12	14	16	-14	-20	18	-14	-28	-14	14	42	-49	-56	49	70	-63	49	-4	-2	2	6	-7	-8	7	10	-9	7	16	8	-8	-24	28	32	-28	-40	36	-28	0	0	0	0	0	0	0	0	0	0	
0	2	-4	18	20	12	-14	-18	-16	16	0	0	0	0	0	0	0	0	0	0	0	-8	16	-72	-80	-48	56	72	64	-64	0	6	-12	54	60	36	-42	-54	-48	48	0	8	-16	72	80	48	-56	-72	-64	64	0	-2	4	-18	-20	-12	14	18	16	-16	0	7	-14	63	70	42	-49	-63	-56	56	0	1	-2	9	10	6	-7	-9	-8	8	0	-4	8	-36	-40	-24	28	36	32	-32	0	0	0	0	0	0	0	0	0	0	
-4	-6	18	0	-8	10	-8	-20	-12	16	0	0	0	0	0	0	0	0	0	0	16	24	-72	0	32	-40	32	80	48	-64	-12	-18	54	0	-24	30	-24	-60	-36	48	-16	-24	72	0	-32	40	-32	-80	-48	64	4	6	-18	0	8	-10	8	20	12	-16	-14	-21	63	0	-28	35	-28	-70	-42	56	-2	-3	9	0	-4	5	-4	-10	-6	8	8	12	-36	0	16	-20	16	40	24	-32	0	0	0	0	0	0	0	0	0	0	
-2	-14	-14	16	12	10	4	10	10	-20	0	0	0	0	0	0	0	0	0	0	8	56	56	-64	-48	-40	-16	-40	-40	80	-6	-42	-42	48	36	30	12	30	30	-60	-8	-56	-56	64	48	40	16	40	40	-80	2	14	14	-16	-12	-10	-4	-10	-10	20	-7	-49	-49	56	42	35	14	35	35	-70	-1	-7	-7	8	6	5	2	5	5	-10	4	28	28	-32	-24	-20	-8	-20	-20	40	0	0	0	0	0	0	0	0	0	0	
10	12	6	14	-6	18	0	12	-16	2	0	0	0	0	0	0	0	0	0	0	-40	-48	-24	-56	24	-72	0	-48	64	-8	30	36	18	42	-18	54	0	36	-48	6	40	48	24	56	-24	72	0	48	-64	8	-10	-12	-6	-14	6	-18	0	-12	16	-2	35	42	21	49	-21	63	0	42	-56	7	5	6	3	7	-3	9	0	6	-8	1	-20	-24	-12	-28	12	-36	0	-24	32	-4	0	0	0	0	0	0	0	0	0	0	
0	-12	14	4	10	-10	10	-18	6	-6	0	0	0	0	0	0	0	0	0	0	0	48	-56	-16	-40	40	-40	72	-24	24	0	-36	42	12	30	-30	30	-54	18	-18	0	-48	56	16	40	-40	40	-72	24	-24	0	12	-14	-4	-10	10	-10	18	-6	6	0	-42	49	14	35	-35	35	-63	21	-21	0	-6	7	2	5	-5	5	-9	3	-3	0	24	-28	-8	-20	20	-20	36	-12	12	0	0	0	0	0	0	0	0	0	0	
4	-12	-14	8	-14	8	-18	-20	20	6	0	0	0	0	0	0	0	0	0	0	-16	48	56	-32	56	-32	72	80	-80	-24	12	-36	-42	24	-42	24	-54	-60	60	18	16	-48	-56	32	-56	32	-72	-80	80	24	-4	12	14	-8	14	-8	18	20	-20	-6	14	-42	-49	28	-49	28	-63	-70	70	21	2	-6	-7	4	-7	4	-9	-10	10	3	-8	24	28	-16	28	-16	36	40	-40	-12	0	0	0	0	0	0	0	0	0	0	
14	12	8	-6	-14	-4	0	16	-4	-6	0	0	0	0	0	0	0	0	0	0	-56	-48	-32	24	56	16	0	-64	16	24	42	36	24	-18	-42	-12	0	48	-12	-18	56	48	32	-24	-56	-16	0	64	-16	-24	-14	-12	-8	6	14	4	0	-16	4	6	49	42	28	-21	-49	-14	0	56	-14	-21	7	6	4	-3	-7	-2	0	8	-2	-3	-28	-24	-16	12	28	8	0	-32	8	12	0	0	0	0	0	0	0	0	0	0	
12	14	-2	0	2	10	4	-2	-2	-2	0	0	0	0	0	0	0	0	0	0	-48	-56	8	0	-8	-40	-16	8	8	8	36	42	-6	0	6	30	12	-6	-6	-6	48	56	-8	0	8	40	16	-8	-8	-8	-12	-14	2	0	-2	-10	-4	2	2	2	42	49	-7	0	7	35	14	-7	-7	-7	6	7	-1	0	1	5	2	-1	-1	-1	-24	-28	4	0	-4	-20	-8	4	4	4	0	0	0	0	0	0	0	0	0	0	
-30	80	40	40	80	-40	0	100	60	-80	-15	40	20	20	40	-20	0	50	30	-40	15	-40	-20	-20	-40	20	0	-50	-30	40	18	-48	-24	-24	-48	24	0	-60	-36	48	30	-80	-40	-40	-80	40	0	-100	-60	80	-15	40	20	20	40	-20	0	50	30	-40	-9	24	12	12	24	-12	0	30	18	-24	-3	8	4	4	8	-4	0	10	6	-8	3	-8	-4	-4	-8	4	0	-10	-6	8	-6	16	8	8	16	-8	0	20	12	-16	
-40	-20	20	60	-70	-80	70	100	-90	70	-20	-10	10	30	-35	-40	35	50	-45	35	20	10	-10	-30	35	40	-35	-50	45	-35	24	12	-12	-36	42	48	-42	-60	54	-42	40	20	-20	-60	70	80	-70	-100	90	-70	-20	-10	10	30	-35	-40	35	50	-45	35	-12	-6	6	18	-21	-24	21	30	-27	21	-4	-2	2	6	-7	-8	7	10	-9	7	4	2	-2	-6	7	8	-7	-10	9	-7	-8	-4	4	12	-14	-16	14	20	-18	14	
0	10	-20	90	100	60	-70	-90	-80	80	0	5	-10	45	50	30	-35	-45	-40	40	0	-5	10	-45	-50	-30	35	45	40	-40	0	-6	12	-54	-60	-36	42	54	48	-48	0	-10	20	-90	-100	-60	70	90	80	-80	0	5	-10	45	50	30	-35	-45	-40	40	0	3	-6	27	30	18	-21	-27	-24	24	0	1	-2	9	10	6	-7	-9	-8	8	0	-1	2	-9	-10	-6	7	9	8	-8	0	2	-4	18	20	12	-14	-18	-16	16	
-20	-30	90	0	-40	50	-40	-100	-60	80	-10	-15	45	0	-20	25	-20	-50	-30	40	10	15	-45	0	20	-25	20	50	30	-40	12	18	-54	0	24	-30	24	60	36	-48	20	30	-90	0	40	-50	40	100	60	-80	-10	-15	45	0	-20	25	-20	-50	-30	40	-6	-9	27	0	-12	15	-12	-30	-18	24	-2	-3	9	0	-4	5	-4	-10	-6	8	2	3	-9	0	4	-5	4	10	6	-8	-4	-6	18	0	-8	10	-8	-20	-12	16	
-10	-70	-70	80	60	50	20	50	50	-100	-5	-35	-35	40	30	25	10	25	25	-50	5	35	35	-40	-30	-25	-10	-25	-25	50	6	42	42	-48	-36	-30	-12	-30	-30	60	10	70	70	-80	-60	-50	-20	-50	-50	100	-5	-35	-35	40	30	25	10	25	25	-50	-3	-21	-21	24	18	15	6	15	15	-30	-1	-7	-7	8	6	5	2	5	5	-10	1	7	7	-8	-6	-5	-2	-5	-5	10	-2	-14	-14	16	12	10	4	10	10	-20	
50	60	30	70	-30	90	0	60	-80	10	25	30	15	35	-15	45	0	30	-40	5	-25	-30	-15	-35	15	-45	0	-30	40	-5	-30	-36	-18	-42	18	-54	0	-36	48	-6	-50	-60	-30	-70	30	-90	0	-60	80	-10	25	30	15	35	-15	45	0	30	-40	5	15	18	9	21	-9	27	0	18	-24	3	5	6	3	7	-3	9	0	6	-8	1	-5	-6	-3	-7	3	-9	0	-6	8	-1	10	12	6	14	-6	18	0	12	-16	2	
0	-60	70	20	50	-50	50	-90	30	-30	0	-30	35	10	25	-25	25	-45	15	-15	0	30	-35	-10	-25	25	-25	45	-15	15	0	36	-42	-12	-30	30	-30	54	-18	18	0	60	-70	-20	-50	50	-50	90	-30	30	0	-30	35	10	25	-25	25	-45	15	-15	0	-18	21	6	15	-15	15	-27	9	-9	0	-6	7	2	5	-5	5	-9	3	-3	0	6	-7	-2	-5	5	-5	9	-3	3	0	-12	14	4	10	-10	10	-18	6	-6	
20	-60	-70	40	-70	40	-90	-100	100	30	10	-30	-35	20	-35	20	-45	-50	50	15	-10	30	35	-20	35	-20	45	50	-50	-15	-12	36	42	-24	42	-24	54	60	-60	-18	-20	60	70	-40	70	-40	90	100	-100	-30	10	-30	-35	20	-35	20	-45	-50	50	15	6	-18	-21	12	-21	12	-27	-30	30	9	2	-6	-7	4	-7	4	-9	-10	10	3	-2	6	7	-4	7	-4	9	10	-10	-3	4	-12	-14	8	-14	8	-18	-20	20	6	
70	60	40	-30	-70	-20	0	80	-20	-30	35	30	20	-15	-35	-10	0	40	-10	-15	-35	-30	-20	15	35	10	0	-40	10	15	-42	-36	-24	18	42	12	0	-48	12	18	-70	-60	-40	30	70	20	0	-80	20	30	35	30	20	-15	-35	-10	0	40	-10	-15	21	18	12	-9	-21	-6	0	24	-6	-9	7	6	4	-3	-7	-2	0	8	-2	-3	-7	-6	-4	3	7	2	0	-8	2	3	14	12	8	-6	-14	-4	0	16	-4	-6	
60	70	-10	0	10	50	20	-10	-10	-10	30	35	-5	0	5	25	10	-5	-5	-5	-30	-35	5	0	-5	-25	-10	5	5	5	-36	-42	6	0	-6	-30	-12	6	6	6	-60	-70	10	0	-10	-50	-20	10	10	10	30	35	-5	0	5	25	10	-5	-5	-5	18	21	-3	0	3	15	6	-3	-3	-3	6	7	-1	0	1	5	2	-1	-1	-1	-6	-7	1	0	-1	-5	-2	1	1	1	12	14	-2	0	2	10	4	-2	-2	-2	
-3	8	4	4	8	-4	0	10	6	-8	-30	80	40	40	80	-40	0	100	60	-80	3	-8	-4	-4	-8	4	0	-10	-6	8	12	-32	-16	-16	-32	16	0	-40	-24	32	-27	72	36	36	72	-36	0	90	54	-72	27	-72	-36	-36	-72	36	0	-90	-54	72	-21	56	28	28	56	-28	0	70	42	-56	-9	24	12	12	24	-12	0	30	18	-24	27	-72	-36	-36	-72	36	0	-90	-54	72	-30	80	40	40	80	-40	0	100	60	-80	
-4	-2	2	6	-7	-8	7	10	-9	7	-40	-20	20	60	-70	-80	70	100	-90	70	4	2	-2	-6	7	8	-7	-10	9	-7	16	8	-8	-24	28	32	-28	-40	36	-28	-36	-18	18	54	-63	-72	63	90	-81	63	36	18	-18	-54	63	72	-63	-90	81	-63	-28	-14	14	42	-49	-56	49	70	-63	49	-12	-6	6	18	-21	-24	21	30	-27	21	36	18	-18	-54	63	72	-63	-90	81	-63	-40	-20	20	60	-70	-80	70	100	-90	70	
0	1	-2	9	10	6	-7	-9	-8	8	0	10	-20	90	100	60	-70	-90	-80	80	0	-1	2	-9	-10	-6	7	9	8	-8	0	-4	8	-36	-40	-24	28	36	32	-32	0	9	-18	81	90	54	-63	-81	-72	72	0	-9	18	-81	-90	-54	63	81	72	-72	0	7	-14	63	70	42	-49	-63	-56	56	0	3	-6	27	30	18	-21	-27	-24	24	0	-9	18	-81	-90	-54	63	81	72	-72	0	10	-20	90	100	60	-70	-90	-80	80	
-2	-3	9	0	-4	5	-4	-10	-6	8	-20	-30	90	0	-40	50	-40	-100	-60	80	2	3	-9	0	4	-5	4	10	6	-8	8	12	-36	0	16	-20	16	40	24	-32	-18	-27	81	0	-36	45	-36	-90	-54	72	18	27	-81	0	36	-45	36	90	54	-72	-14	-21	63	0	-28	35	-28	-70	-42	56	-6	-9	27	0	-12	15	-12	-30	-18	24	18	27	-81	0	36	-45	36	90	54	-72	-20	-30	90	0	-40	50	-40	-100	-60	80	
-1	-7	-7	8	6	5	2	5	5	-10	-10	-70	-70	80	60	50	20	50	50	-100	1	7	7	-8	-6	-5	-2	-5	-5	10	4	28	28	-32	-24	-20	-8	-20	-20	40	-9	-63	-63	72	54	45	18	45	45	-90	9	63	63	-72	-54	-45	-18	-45	-45	90	-7	-49	-49	56	42	35	14	35	35	-70	-3	-21	-21	24	18	15	6	15	15	-30	9	63	63	-72	-54	-45	-18	-45	-45	90	-10	-70	-70	80	60	50	20	50	50	-100	
5	6	3	7	-3	9	0	6	-8	1	50	60	30	70	-30	90	0	60	-80	10	-5	-6	-3	-7	3	-9	0	-6	8	-1	-20	-24	-12	-28	12	-36	0	-24	32	-4	45	54	27	63	-27	81	0	54	-72	9	-45	-54	-27	-63	27	-81	0	-54	72	-9	35	42	21	49	-21	63	0	42	-56	7	15	18	9	21	-9	27	0	18	-24	3	-45	-54	-27	-63	27	-81	0	-54	72	-9	50	60	30	70	-30	90	0	60	-80	10	
0	-6	7	2	5	-5	5	-9	3	-3	0	-60	70	20	50	-50	50	-90	30	-30	0	6	-7	-2	-5	5	-5	9	-3	3	0	24	-28	-8	-20	20	-20	36	-12	12	0	-54	63	18	45	-45	45	-81	27	-27	0	54	-63	-18	-45	45	-45	81	-27	27	0	-42	49	14	35	-35	35	-63	21	-21	0	-18	21	6	15	-15	15	-27	9	-9	0	54	-63	-18	-45	45	-45	81	-27	27	0	-60	70	20	50	-50	50	-90	30	-30	
2	-6	-7	4	-7	4	-9	-10	10	3	20	-60	-70	40	-70	40	-90	-100	100	30	-2	6	7	-4	7	-4	9	10	-10	-3	-8	24	28	-16	28	-16	36	40	-40	-12	18	-54	-63	36	-63	36	-81	-90	90	27	-18	54	63	-36	63	-36	81	90	-90	-27	14	-42	-49	28	-49	28	-63	-70	70	21	6	-18	-21	12	-21	12	-27	-30	30	9	-18	54	63	-36	63	-36	81	90	-90	-27	20	-60	-70	40	-70	40	-90	-100	100	30	
7	6	4	-3	-7	-2	0	8	-2	-3	70	60	40	-30	-70	-20	0	80	-20	-30	-7	-6	-4	3	7	2	0	-8	2	3	-28	-24	-16	12	28	8	0	-32	8	12	63	54	36	-27	-63	-18	0	72	-18	-27	-63	-54	-36	27	63	18	0	-72	18	27	49	42	28	-21	-49	-14	0	56	-14	-21	21	18	12	-9	-21	-6	0	24	-6	-9	-63	-54	-36	27	63	18	0	-72	18	27	70	60	40	-30	-70	-20	0	80	-20	-30	
6	7	-1	0	1	5	2	-1	-1	-1	60	70	-10	0	10	50	20	-10	-10	-10	-6	-7	1	0	-1	-5	-2	1	1	1	-24	-28	4	0	-4	-20	-8	4	4	4	54	63	-9	0	9	45	18	-9	-9	-9	-54	-63	9	0	-9	-45	-18	9	9	9	42	49	-7	0	7	35	14	-7	-7	-7	18	21	-3	0	3	15	6	-3	-3	-3	-54	-63	9	0	-9	-45	-18	9	9	9	60	70	-10	0	10	50	20	-10	-10	-10	
18	-48	-24	-24	-48	24	0	-60	-36	48	-18	48	24	24	48	-24	0	60	36	-48	-27	72	36	36	72	-36	0	90	54	-72	-18	48	24	24	48	-24	0	60	36	-48	18	-48	-24	-24	-48	24	0	-60	-36	48	0	0	0	0	0	0	0	0	0	0	-24	64	32	32	64	-32	0	80	48	-64	-18	48	24	24	48	-24	0	60	36	-48	-15	40	20	20	40	-20	0	50	30	-40	-21	56	28	28	56	-28	0	70	42	-56	
24	12	-12	-36	42	48	-42	-60	54	-42	-24	-12	12	36	-42	-48	42	60	-54	42	-36	-18	18	54	-63	-72	63	90	-81	63	-24	-12	12	36	-42	-48	42	60	-54	42	24	12	-12	-36	42	48	-42	-60	54	-42	0	0	0	0	0	0	0	0	0	0	-32	-16	16	48	-56	-64	56	80	-72	56	-24	-12	12	36	-42	-48	42	60	-54	42	-20	-10	10	30	-35	-40	35	50	-45	35	-28	-14	14	42	-49	-56	49	70	-63	49	
0	-6	12	-54	-60	-36	42	54	48	-48	0	6	-12	54	60	36	-42	-54	-48	48	0	9	-18	81	90	54	-63	-81	-72	72	0	6	-12	54	60	36	-42	-54	-48	48	0	-6	12	-54	-60	-36	42	54	48	-48	0	0	0	0	0	0	0	0	0	0	0	8	-16	72	80	48	-56	-72	-64	64	0	6	-12	54	60	36	-42	-54	-48	48	0	5	-10	45	50	30	-35	-45	-40	40	0	7	-14	63	70	42	-49	-63	-56	56	
12	18	-54	0	24	-30	24	60	36	-48	-12	-18	54	0	-24	30	-24	-60	-36	48	-18	-27	81	0	-36	45	-36	-90	-54	72	-12	-18	54	0	-24	30	-24	-60	-36	48	12	18	-54	0	24	-30	24	60	36	-48	0	0	0	0	0	0	0	0	0	0	-16	-24	72	0	-32	40	-32	-80	-48	64	-12	-18	54	0	-24	30	-24	-60	-36	48	-10	-15	45	0	-20	25	-20	-50	-30	40	-14	-21	63	0	-28	35	-28	-70	-42	56	
6	42	42	-48	-36	-30	-12	-30	-30	60	-6	-42	-42	48	36	30	12	30	30	-60	-9	-63	-63	72	54	45	18	45	45	-90	-6	-42	-42	48	36	30	12	30	30	-60	6	42	42	-48	-36	-30	-12	-30	-30	60	0	0	0	0	0	0	0	0	0	0	-8	-56	-56	64	48	40	16	40	40	-80	-6	-42	-42	48	36	30	12	30	30	-60	-5	-35	-35	40	30	25	10	25	25	-50	-7	-49	-49	56	42	35	14	35	35	-70	
-30	-36	-18	-42	18	-54	0	-36	48	-6	30	36	18	42	-18	54	0	36	-48	6	45	54	27	63	-27	81	0	54	-72	9	30	36	18	42	-18	54	0	36	-48	6	-30	-36	-18	-42	18	-54	0	-36	48	-6	0	0	0	0	0	0	0	0	0	0	40	48	24	56	-24	72	0	48	-64	8	30	36	18	42	-18	54	0	36	-48	6	25	30	15	35	-15	45	0	30	-40	5	35	42	21	49	-21	63	0	42	-56	7	
0	36	-42	-12	-30	30	-30	54	-18	18	0	-36	42	12	30	-30	30	-54	18	-18	0	-54	63	18	45	-45	45	-81	27	-27	0	-36	42	12	30	-30	30	-54	18	-18	0	36	-42	-12	-30	30	-30	54	-18	18	0	0	0	0	0	0	0	0	0	0	0	-48	56	16	40	-40	40	-72	24	-24	0	-36	42	12	30	-30	30	-54	18	-18	0	-30	35	10	25	-25	25	-45	15	-15	0	-42	49	14	35	-35	35	-63	21	-21	
-12	36	42	-24	42	-24	54	60	-60	-18	12	-36	-42	24	-42	24	-54	-60	60	18	18	-54	-63	36	-63	36	-81	-90	90	27	12	-36	-42	24	-42	24	-54	-60	60	18	-12	36	42	-24	42	-24	54	60	-60	-18	0	0	0	0	0	0	0	0	0	0	16	-48	-56	32	-56	32	-72	-80	80	24	12	-36	-42	24	-42	24	-54	-60	60	18	10	-30	-35	20	-35	20	-45	-50	50	15	14	-42	-49	28	-49	28	-63	-70	70	21	
-42	-36	-24	18	42	12	0	-48	12	18	42	36	24	-18	-42	-12	0	48	-12	-18	63	54	36	-27	-63	-18	0	72	-18	-27	42	36	24	-18	-42	-12	0	48	-12	-18	-42	-36	-24	18	42	12	0	-48	12	18	0	0	0	0	0	0	0	0	0	0	56	48	32	-24	-56	-16	0	64	-16	-24	42	36	24	-18	-42	-12	0	48	-12	-18	35	30	20	-15	-35	-10	0	40	-10	-15	49	42	28	-21	-49	-14	0	56	-14	-21	
-36	-42	6	0	-6	-30	-12	6	6	6	36	42	-6	0	6	30	12	-6	-6	-6	54	63	-9	0	9	45	18	-9	-9	-9	36	42	-6	0	6	30	12	-6	-6	-6	-36	-42	6	0	-6	-30	-12	6	6	6	0	0	0	0	0	0	0	0	0	0	48	56	-8	0	8	40	16	-8	-8	-8	36	42	-6	0	6	30	12	-6	-6	-6	30	35	-5	0	5	25	10	-5	-5	-5	42	49	-7	0	7	35	14	-7	-7	-7	
15	-40	-20	-20	-40	20	0	-50	-30	40	-27	72	36	36	72	-36	0	90	54	-72	0	0	0	0	0	0	0	0	0	0	-12	32	16	16	32	-16	0	40	24	-32	-12	32	16	16	32	-16	0	40	24	-32	-12	32	16	16	32	-16	0	40	24	-32	-12	32	16	16	32	-16	0	40	24	-32	6	-16	-8	-8	-16	8	0	-20	-12	16	-21	56	28	28	56	-28	0	70	42	-56	-24	64	32	32	64	-32	0	80	48	-64	
20	10	-10	-30	35	40	-35	-50	45	-35	-36	-18	18	54	-63	-72	63	90	-81	63	0	0	0	0	0	0	0	0	0	0	-16	-8	8	24	-28	-32	28	40	-36	28	-16	-8	8	24	-28	-32	28	40	-36	28	-16	-8	8	24	-28	-32	28	40	-36	28	-16	-8	8	24	-28	-32	28	40	-36	28	8	4	-4	-12	14	16	-14	-20	18	-14	-28	-14	14	42	-49	-56	49	70	-63	49	-32	-16	16	48	-56	-64	56	80	-72	56	
0	-5	10	-45	-50	-30	35	45	40	-40	0	9	-18	81	90	54	-63	-81	-72	72	0	0	0	0	0	0	0	0	0	0	0	4	-8	36	40	24	-28	-36	-32	32	0	4	-8	36	40	24	-28	-36	-32	32	0	4	-8	36	40	24	-28	-36	-32	32	0	4	-8	36	40	24	-28	-36	-32	32	0	-2	4	-18	-20	-12	14	18	16	-16	0	7	-14	63	70	42	-49	-63	-56	56	0	8	-16	72	80	48	-56	-72	-64	64	
10	15	-45	0	20	-25	20	50	30	-40	-18	-27	81	0	-36	45	-36	-90	-54	72	0	0	0	0	0	0	0	0	0	0	-8	-12	36	0	-16	20	-16	-40	-24	32	-8	-12	36	0	-16	20	-16	-40	-24	32	-8	-12	36	0	-16	20	-16	-40	-24	32	-8	-12	36	0	-16	20	-16	-40	-24	32	4	6	-18	0	8	-10	8	20	12	-16	-14	-21	63	0	-28	35	-28	-70	-42	56	-16	-24	72	0	-32	40	-32	-80	-48	64	
5	35	35	-40	-30	-25	-10	-25	-25	50	-9	-63	-63	72	54	45	18	45	45	-90	0	0	0	0	0	0	0	0	0	0	-4	-28	-28	32	24	20	8	20	20	-40	-4	-28	-28	32	24	20	8	20	20	-40	-4	-28	-28	32	24	20	8	20	20	-40	-4	-28	-28	32	24	20	8	20	20	-40	2	14	14	-16	-12	-10	-4	-10	-10	20	-7	-49	-49	56	42	35	14	35	35	-70	-8	-56	-56	64	48	40	16	40	40	-80	
-25	-30	-15	-35	15	-45	0	-30	40	-5	45	54	27	63	-27	81	0	54	-72	9	0	0	0	0	0	0	0	0	0	0	20	24	12	28	-12	36	0	24	-32	4	20	24	12	28	-12	36	0	24	-32	4	20	24	12	28	-12	36	0	24	-32	4	20	24	12	28	-12	36	0	24	-32	4	-10	-12	-6	-14	6	-18	0	-12	16	-2	35	42	21	49	-21	63	0	42	-56	7	40	48	24	56	-24	72	0	48	-64	8	
0	30	-35	-10	-25	25	-25	45	-15	15	0	-54	63	18	45	-45	45	-81	27	-27	0	0	0	0	0	0	0	0	0	0	0	-24	28	8	20	-20	20	-36	12	-12	0	-24	28	8	20	-20	20	-36	12	-12	0	-24	28	8	20	-20	20	-36	12	-12	0	-24	28	8	20	-20	20	-36	12	-12	0	12	-14	-4	-10	10	-10	18	-6	6	0	-42	49	14	35	-35	35	-63	21	-21	0	-48	56	16	40	-40	40	-72	24	-24	
-10	30	35	-20	35	-20	45	50	-50	-15	18	-54	-63	36	-63	36	-81	-90	90	27	0	0	0	0	0	0	0	0	0	0	8	-24	-28	16	-28	16	-36	-40	40	12	8	-24	-28	16	-28	16	-36	-40	40	12	8	-24	-28	16	-28	16	-36	-40	40	12	8	-24	-28	16	-28	16	-36	-40	40	12	-4	12	14	-8	14	-8	18	20	-20	-6	14	-42	-49	28	-49	28	-63	-70	70	21	16	-48	-56	32	-56	32	-72	-80	80	24	
-35	-30	-20	15	35	10	0	-40	10	15	63	54	36	-27	-63	-18	0	72	-18	-27	0	0	0	0	0	0	0	0	0	0	28	24	16	-12	-28	-8	0	32	-8	-12	28	24	16	-12	-28	-8	0	32	-8	-12	28	24	16	-12	-28	-8	0	32	-8	-12	28	24	16	-12	-28	-8	0	32	-8	-12	-14	-12	-8	6	14	4	0	-16	4	6	49	42	28	-21	-49	-14	0	56	-14	-21	56	48	32	-24	-56	-16	0	64	-16	-24	
-30	-35	5	0	-5	-25	-10	5	5	5	54	63	-9	0	9	45	18	-9	-9	-9	0	0	0	0	0	0	0	0	0	0	24	28	-4	0	4	20	8	-4	-4	-4	24	28	-4	0	4	20	8	-4	-4	-4	24	28	-4	0	4	20	8	-4	-4	-4	24	28	-4	0	4	20	8	-4	-4	-4	-12	-14	2	0	-2	-10	-4	2	2	2	42	49	-7	0	7	35	14	-7	-7	-7	48	56	-8	0	8	40	16	-8	-8	-8	
-21	56	28	28	56	-28	0	70	42	-56	-15	40	20	20	40	-20	0	50	30	-40	9	-24	-12	-12	-24	12	0	-30	-18	24	27	-72	-36	-36	-72	36	0	-90	-54	72	27	-72	-36	-36	-72	36	0	-90	-54	72	0	0	0	0	0	0	0	0	0	0	-24	64	32	32	64	-32	0	80	48	-64	18	-48	-24	-24	-48	24	0	-60	-36	48	15	-40	-20	-20	-40	20	0	-50	-30	40	-27	72	36	36	72	-36	0	90	54	-72	
-28	-14	14	42	-49	-56	49	70	-63	49	-20	-10	10	30	-35	-40	35	50	-45	35	12	6	-6	-18	21	24	-21	-30	27	-21	36	18	-18	-54	63	72	-63	-90	81	-63	36	18	-18	-54	63	72	-63	-90	81	-63	0	0	0	0	0	0	0	0	0	0	-32	-16	16	48	-56	-64	56	80	-72	56	24	12	-12	-36	42	48	-42	-60	54	-42	20	10	-10	-30	35	40	-35	-50	45	-35	-36	-18	18	54	-63	-72	63	90	-81	63	
0	7	-14	63	70	42	-49	-63	-56	56	0	5	-10	45	50	30	-35	-45	-40	40	0	-3	6	-27	-30	-18	21	27	24	-24	0	-9	18	-81	-90	-54	63	81	72	-72	0	-9	18	-81	-90	-54	63	81	72	-72	0	0	0	0	0	0	0	0	0	0	0	8	-16	72	80	48	-56	-72	-64	64	0	-6	12	-54	-60	-36	42	54	48	-48	0	-5	10	-45	-50	-30	35	45	40	-40	0	9	-18	81	90	54	-63	-81	-72	72	
-14	-21	63	0	-28	35	-28	-70	-42	56	-10	-15	45	0	-20	25	-20	-50	-30	40	6	9	-27	0	12	-15	12	30	18	-24	18	27	-81	0	36	-45	36	90	54	-72	18	27	-81	0	36	-45	36	90	54	-72	0	0	0	0	0	0	0	0	0	0	-16	-24	72	0	-32	40	-32	-80	-48	64	12	18	-54	0	24	-30	24	60	36	-48	10	15	-45	0	20	-25	20	50	30	-40	-18	-27	81	0	-36	45	-36	-90	-54	72	
-7	-49	-49	56	42	35	14	35	35	-70	-5	-35	-35	40	30	25	10	25	25	-50	3	21	21	-24	-18	-15	-6	-15	-15	30	9	63	63	-72	-54	-45	-18	-45	-45	90	9	63	63	-72	-54	-45	-18	-45	-45	90	0	0	0	0	0	0	0	0	0	0	-8	-56	-56	64	48	40	16	40	40	-80	6	42	42	-48	-36	-30	-12	-30	-30	60	5	35	35	-40	-30	-25	-10	-25	-25	50	-9	-63	-63	72	54	45	18	45	45	-90	
35	42	21	49	-21	63	0	42	-56	7	25	30	15	35	-15	45	0	30	-40	5	-15	-18	-9	-21	9	-27	0	-18	24	-3	-45	-54	-27	-63	27	-81	0	-54	72	-9	-45	-54	-27	-63	27	-81	0	-54	72	-9	0	0	0	0	0	0	0	0	0	0	40	48	24	56	-24	72	0	48	-64	8	-30	-36	-18	-42	18	-54	0	-36	48	-6	-25	-30	-15	-35	15	-45	0	-30	40	-5	45	54	27	63	-27	81	0	54	-72	9	
0	-42	49	14	35	-35	35	-63	21	-21	0	-30	35	10	25	-25	25	-45	15	-15	0	18	-21	-6	-15	15	-15	27	-9	9	0	54	-63	-18	-45	45	-45	81	-27	27	0	54	-63	-18	-45	45	-45	81	-27	27	0	0	0	0	0	0	0	0	0	0	0	-48	56	16	40	-40	40	-72	24	-24	0	36	-42	-12	-30	30	-30	54	-18	18	0	30	-35	-10	-25	25	-25	45	-15	15	0	-54	63	18	45	-45	45	-81	27	-27	
14	-42	-49	28	-49	28	-63	-70	70	21	10	-30	-35	20	-35	20	-45	-50	50	15	-6	18	21	-12	21	-12	27	30	-30	-9	-18	54	63	-36	63	-36	81	90	-90	-27	-18	54	63	-36	63	-36	81	90	-90	-27	0	0	0	0	0	0	0	0	0	0	16	-48	-56	32	-56	32	-72	-80	80	24	-12	36	42	-24	42	-24	54	60	-60	-18	-10	30	35	-20	35	-20	45	50	-50	-15	18	-54	-63	36	-63	36	-81	-90	90	27	
49	42	28	-21	-49	-14	0	56	-14	-21	35	30	20	-15	-35	-10	0	40	-10	-15	-21	-18	-12	9	21	6	0	-24	6	9	-63	-54	-36	27	63	18	0	-72	18	27	-63	-54	-36	27	63	18	0	-72	18	27	0	0	0	0	0	0	0	0	0	0	56	48	32	-24	-56	-16	0	64	-16	-24	-42	-36	-24	18	42	12	0	-48	12	18	-35	-30	-20	15	35	10	0	-40	10	15	63	54	36	-27	-63	-18	0	72	-18	-27	
42	49	-7	0	7	35	14	-7	-7	-7	30	35	-5	0	5	25	10	-5	-5	-5	-18	-21	3	0	-3	-15	-6	3	3	3	-54	-63	9	0	-9	-45	-18	9	9	9	-54	-63	9	0	-9	-45	-18	9	9	9	0	0	0	0	0	0	0	0	0	0	48	56	-8	0	8	40	16	-8	-8	-8	-36	-42	6	0	-6	-30	-12	6	6	6	-30	-35	5	0	-5	-25	-10	5	5	5	54	63	-9	0	9	45	18	-9	-9	-9	
